HO2   1.73       54.61         8.28         8.82         9.38         9.88        10.66        11.26        12.25 0 0 0 

HOOH -34.20       55.77         9.88        10.80        11.69        12.47        13.69        14.63        16.25 0 0 0 

HCO 8.57       53.51         8.25         8.68         9.18         9.68        10.60        11.34        12.47 0 0 0 

formylperoxy -6.03       66.16        14.20        16.48        18.24        19.56        21.36        22.46        23.75 0 0 0 

methyl 33.42       46.42         9.34        10.08        10.82        11.51        12.81        13.97        16.16 0 0 0 
methoxy 6.98       54.41         9.83        11.58        13.26        14.74        17.14        18.97        21.84  0 0 0 
methylperoxy 25.75       64.39        12.02        14.10        16.16        17.96        20.82        22.94        26.21 0 0 0 

methylhydroperoxide -32.09       67.08        14.56        17.03        19.31        21.27        24.37        26.70        30.40 0 0 0 

vinyl  70.43       55.76        10.37        12.22        13.82        15.17        17.32        18.99        21.72 0 0 0 

vinylperoxy  26.64       68.00        16.71        19.96        22.60        24.66        27.60        29.60        32.57 0 0 0 

ethene   11.45       52.24        10.11        12.43        14.65        16.58        19.71        22.11        26.01  0 0 0 

ethyl  -9.21       62.65        12.19        14.69        17.09        19.21        22.74        25.51        30.05 0 0 0 

ethoxy -0.43       66.80        15.73        18.72        21.54        24.01        28.03        31.09        35.92 0 0 0 

ethylperoxy  -5.75       74.10        17.48        21.22        24.60        27.47        31.95        35.26        40.41 0 0 0 


formaldehyde -30.56       52.16         8.43         9.29        10.33        11.37        13.20        14.63        16.86 0 0 0 


ethoxide -13.86       57.91        11.34        14.74        17.86        20.47        24.43        27.29        31.65 0 0 0 

propene 4.06       63.59        15.33        19.03        22.50        25.54        30.44        34.19        40.14 0 0 0 
 
allyl 40.01       61.54        14.89        18.72        21.97        24.63        28.72        31.76        36.60 0 0 0 


allyloxy  23.27       72.57        18.34        22.23        25.71        28.62        33.13        36.44        41.54  0 0 0 

allylperoxy 22.39       80.48        21.03        25.28        29.04        32.18        37.02        40.54        45.98  0 0 0 

allylhydroperoxide -12.15       82.03        25.13        29.03        32.69        35.84        40.80        44.47        50.25 0 0 0 

allene 45.10       59.28        13.87        16.91        19.51        21.67        25.06        27.62        31.73 0 0 0 
npropyl 67.53       69.23        17.29        21.39        25.14        28.38        33.62        37.66        44.17 0 0 0 

ipropyl  64.71       68.85        16.27        20.12        23.92        27.32        32.90        37.19        43.99 0 0 0 
 
npropylperoxy -10.29       83.41        22.88        28.06        32.74        36.72        42.92        47.49        54.60 0 0 0 

ipropylperoxy -14.88       80.79        24.12        29.07        33.48        37.23        43.15        47.60        54.59  0 0 0 

QOOH_1 5.27       88.41        25.14        30.22        34.60        38.23        43.82        47.94        54.40  0 0 0 
QOOH_2 3.20       88.13        24.16        28.94        33.34        37.09        42.96        47.28        54.03 0 0 0 

QOOH_3 2.50       85.40        26.35        31.09        35.25        38.71        44.06        48.01        54.30 0 0 0 

propoxide -23.55       67.10        17.26        21.93        26.16        29.74        35.32        39.41        45.75 0 0 0 

propane -26.67       66.02        17.65        22.24        26.52        30.28        36.41        41.13        48.71 0 0 0 

acetyl  -3.66       63.71        12.00        14.03        15.98        17.73        20.57        22.72        26.09 0 0 0 

acetylperoxy -38.00       76.15        19.82        22.96        25.74        28.04        31.45        33.81        37.21  0 0 0 

vinoxy 3.02       61.81        12.64        15.18        17.38        19.22        22.04        24.10        27.28  0 0 0 

vinoxyperoxy -19.26       78.46        20.28        23.47        26.23        28.47        31.76        34.03        37.34 0 0 0


acrolein -16.04       65.35        16.87        20.41        23.49        26.10        30.14        33.04        37.30 0 0 0 

glyoxal  -52.27       64.51        14.41        16.94        19.31        21.31        24.17        25.93        28.13 0 0 0 

well_1 -27.38       97.88        34.70        39.92        44.48        48.31        54.23        58.56        65.24  0 0 0 


well_2    -30.40       95.46        36.35        42.22        47.03        50.82        56.32        60.19        66.19 0 0 0 

well_3  -30.47       95.74        36.00        41.74        46.12        49.56        54.87        58.89        65.37 0 0 0 

well_4 -15.09       95.20        38.07        48.17        54.15        57.28        60.30        62.30        66.20 0 0 0 

well_5 -15.33      101.98        35.46        41.26        46.03        49.80        55.33        59.23        65.21 0 0 0


prod_1  -62.01       89.24        29.48        33.43        37.07        40.29        45.50        49.39        55.40 0 0 0

prod_3 -40.45       80.82        28.76        34.68        39.38        42.98        48.01        51.43        56.68 0 0 0 

prod_4  -69.18       85.73        28.23        33.60        38.04        41.59        46.80        50.45        55.98 0 0 0 

prod_5 -64.31       85.40        28.53        33.60        37.91        41.43        46.67        50.35        55.89 0 0 0 


prod_6  -14.93       81.48        23.47        27.89        31.82        35.13        40.25        44.02        49.96 0 0 0 

frag_1 -21.13       82.25        20.60        24.80        28.69        32.01        37.15        40.86        46.38 0 0 0 

frag_2 -23.21       77.64        22.32        26.69        30.45        33.53        38.18        41.52        46.60 0 0 0 

frag_3  -31.88       78.25        20.97        25.63        29.77        33.18        38.20        41.65        46.72 0 0 0 
cC3H4O  12.09       62.88        13.95        18.30        22.05        25.08        29.52        32.62        37.27 0 0 0 
C3H4Ojj 45.68       70.49        18.12        21.72        24.74        27.20        30.94        33.65        37.84 0 0 0  

C3H6jj    70.45       69.26        17.15        20.85        24.16        27.00        31.53        35.00        40.58 0 0 0 



